# The modifications of the output file from Kalibr:
    # 1. For each matrix (e.g. cam0/T_cam_imu), remove the brackets and minus sign for each line. Use one pair of brackets for each matrix.
    # 2. Add the T_imu_body at the end of the calibration file (usually set to identity).
cam0:
  T_cam_imu:
    [1.0000000,  0.0000000,  0.0000000, 0.006,
    0.0000000,  1.0000000,  0.0000000, -0.005,
    0.0000000, .0000000,  1.0000000, -0.012,
    0.0, 0.0, 0.0, 1.0]
  cam_overlaps: [1]
  camera_model: pinhole
  distortion_coeffs: [0.0, 0.0, 0.0, 0.0]
  distortion_model: equidistant
  intrinsics: [429.5706481933594, 429.5706481933597, 425.4299011230469, 235.29574584960938]
  resolution: [848, 480]
  timeshift_cam_imu: 0.0
cam1:
  T_cam_imu:
    [1.0000000,  0.0000000,  0.0000000, -0.045,
    0.0000000,  1.0000000,  0.0000000, -0.005,
    0.0000000, .0000000,  1.0000000, -0.012,
    0.0, 0.0, 0.0, 1.0]
  T_cn_cnm1: ##?????
    [1.0000000,  0.0000000,  0.0000000, -0.039,
    0.0000000,  1.0000000,  0.0000000, 0.00,
    0.0000000, .0000000,  1.0000000, 0,
    0.0, 0.0, 0.0, 1.0]
  camera_model: pinhole
  distortion_coeffs: [0.0, 0.0, 0.0, 0.0]
  distortion_model: equidistant
  intrinsics: [429.5706481933594, 429.5706481933597, 425.4299011230469, 235.29574584960938]
  resolution: [848, 480]
  timeshift_cam_imu: 0.0
T_imu_body:
  [1.0000, 0.0000, 0.0000, 0.0000,
  0.0000, 1.0000, 0.0000, 0.0000,
  0.0000, 0.0000, 1.0000, 0.0000,
  0.0000, 0.0000, 0.0000, 1.0000]